	MEblack	MEblue	MEbrown	MEcyan	MEdarkgreen	MEdarkgrey	MEdarkmagenta	MEdarkolivegreen	MEdarkorange	MEdarkred	MEdarkturquoise	MEgreen	MEgreenyellow	MEgrey60	MElightcyan	MElightgreen	MElightyellow	MEmagenta	MEmidnightblue	MEorange	MEorangered4	MEpaleturquoise	MEpink	MEplum1	MEpurple	MEred	MEroyalblue	MEsaddlebrown	MEsalmon	MEsienna3	MEskyblue	MEskyblue3	MEsteelblue	MEtan	MEturquoise	MEviolet	MEwhite	MEyellow	MEyellowgreen
C3N_01408	-0.0466778512449091	0.132005579622191	0.107593628924148	-0.0689002690054809	0.0957879934185321	0.0945373065983424	0.156916293459984	0.0434276842758802	0.115991293426937	-0.0459510831510293	0.0618343411630172	-0.061911911406555	-0.0155159899129453	0.0695821047375931	-0.0358570723430989	0.0447990946251883	0.201497560705337	0.136365136639241	0.0435599089929415	-0.174099735180412	0.196351007351903	-0.123417760896063	0.0126294211352686	-0.030095053844329	-0.097236315694788	0.0258497994028889	-0.00443435526867385	-0.0519803108523536	0.0636741329526415	0.163670465122639	-0.0790090338488822	-0.134551232396986	0.114378029220115	-0.0725390653559928	-0.0925865913022593	0.0499298208929365	-0.0184678302738851	0.180799173647307	0.183040731916724
C3N_02088	-0.208144033328689	0.187411788459979	0.0427504054256603	0.144455684023202	0.0992864547421621	-0.0928221523213029	0.0498495182603451	0.137473281309012	-0.0885914545904913	-0.243565955192624	0.0856403421670698	0.212730346191196	0.0166383320715873	-0.0122458414285183	0.125930457289875	0.0982956929032138	0.0522724132374437	0.103500876590505	0.037674036335291	-0.169132056044413	0.1217944924216	0.162686850847394	0.0276463267167718	-0.0696860244010064	-0.0660598181565073	0.364434374069429	-0.0187386511963752	-0.110814383689929	0.0696494096354093	0.136356624638795	-0.0207495807800504	0.0965963533555073	-0.0029895793732212	-0.0816186198589535	-0.16623600728682	0.000102386003810961	-0.0716862566373025	0.207984391738044	-0.0329381195752773
C3N_03076	-0.184242715098325	-0.102826875259217	-0.323079745219183	-0.00636289793072142	-0.231817545880312	-0.252303056091367	-0.167105081228753	0.0260922091362353	-0.32533549775797	-0.245594844125642	0.0456871847002167	0.258076265721268	0.148719845741173	-0.260989355356547	0.249767660330287	0.117846331111241	-0.202186274041278	-0.263608782499391	-0.097306896394319	0.0777288451270949	-0.354820335888802	0.241116215279296	-0.0157116612120153	-0.108097978239553	0.289309073939677	-0.141620415813237	0.127875808216347	-0.218509492773067	-0.00452664095439814	-0.23789768389574	0.185582487481864	-0.0273902889306545	-0.341012864280729	-0.0415654326324397	0.200083150796489	-0.00737621150201218	0.154915168720321	-0.0625429901935013	-0.0486416269335386
C3N_01489	0.0902330423139138	-0.0500442622719942	0.0334554907722177	-0.116156617460698	0.0353210301931395	0.163559313598397	0.00045705819789138	-0.101431830933732	0.168304998542954	0.0761978073768358	-0.0781257504940588	0.0568579807887242	-0.100040307501043	-0.00593521841119318	-0.108238423042944	0.00219272652030035	0.124759557723485	0.0949065169433565	-0.0827310225943129	0.150571227840783	0.0673062024295474	0.111530871578629	0.224730572009663	0.149490285845032	-0.0817264759953875	-0.141737825931735	-0.113466675233181	0.0289354995844943	0.143529856275591	0.0338635254073293	0.0381415967361819	-0.0602247531155131	0.0776855029981126	-0.048728027505516	-0.0427383601349443	0.0996192835018241	0.162735763299402	0.164943566640288	0.109443072050217
C3N_02928	-0.210949661685676	0.184741280980262	0.0572301825885122	0.105520864600898	-0.0567685698076796	-0.179641830570628	-0.0574729662722702	0.191352030150102	-0.0814714003445899	-0.0855624782909977	0.107559729494854	0.162658128076582	0.00478727869873857	0.00580189928555434	0.105198638675994	0.0632153725187096	-0.0120773544798696	0.121437455412309	0.0262425587779841	-0.00949055589495003	-0.244491632399044	0.115656793681796	0.0802818734027776	0.0348965241957747	-0.0807856923892794	0.0577215945653063	0.00655033479623405	-0.0592702217024705	0.0654201982774565	0.111532294209437	-0.0671762536277995	-0.0246321247042668	-0.0717490994318658	-0.0748393274697988	-0.192585316510231	-0.0147490958977009	-0.1888586306058	0.116225898792684	-0.0698954762741318
C3N_03057	-0.253832381170931	0.251570384490759	0.0483894017408077	0.147367485501096	0.0336140306095296	-0.28620362987655	-0.25889662628025	-0.0389174314920751	-0.225449505786044	-0.106249039337516	0.162199173742621	0.103586039178027	-0.0870383880715451	0.087200571019932	0.176487372735997	-0.063715940863067	-0.22347429965054	0.00259866480959296	0.0281624402341785	0.182079468740925	-0.226713208254746	-0.141505564635334	0.223204637179456	-0.147268696535938	-0.0555190244197984	0.0982618740380573	0.030362505953963	-0.0501829961264394	0.220909670281619	0.0470157036265512	-0.201878385994533	0.0549856978598997	-0.139134429866423	-0.0855924013948852	-0.225843944773908	-0.166773539884102	-0.150609705344689	0.0600043005970622	-0.209937603168127
C3N_00560	0.142586216373315	-0.103663852433847	-0.0836561418746952	0.0363691779159625	0.0886851285699175	-0.0252316679337771	-0.160566461951879	-0.192973531585536	0.0155580945938527	0.0790466186163783	-0.0823799119988973	-0.14299602880086	-0.0979480411659989	0.105664240227745	-0.0148557050153829	-0.114727162767446	-0.148657412531092	-0.150412360460819	0.235212470842504	0.111082205979692	0.119794458197155	-0.100267215289882	-0.053464429098923	0.134109124430361	0.100909097629873	-0.0351673799207667	0.148298866857854	0.159270905000529	-0.0631887126369634	-0.189019484526396	-0.049603437237488	-0.00754234851462915	0.044797516657471	0.218203481166186	0.155824529099722	-0.07638914323595	0.0115317154851171	-0.168035924045633	-0.0980403007448404
C3N_02150	0.101256660041971	-0.104881422643186	-0.0280378836380787	-0.106950727523367	-0.142796548776524	0.136805470961286	-0.129397194943948	-0.106954173283982	0.00233422543125116	-0.0259855573330697	-0.195883586487357	-0.0757727246421031	-0.142227519842862	-0.0388300928508788	-0.126193090608618	-0.129936596437546	0.00635873062588013	-0.113572300140683	-0.0568740570017527	0.188738416296199	-0.109615990447669	0.0175145199700329	0.112125798259432	-0.15651338122454	-0.118578473721435	-0.163041388193735	-0.143538468284408	0.0832390423876361	-0.0288622430749049	-0.102734292731391	-0.0434490710784661	0.193089429887729	0.0965919236289061	0.0310925034829401	0.0769728350612048	-0.135427816091002	0.328976318913367	-0.029439331041021	0.235059085727466
C3N_00551	0.159961237709812	-0.0618324827468717	0.0750400147299243	-0.15702305819841	-0.00928478221060564	0.255361326207974	0.13466338016878	0.00912847404392493	0.205150985202614	0.125583457977816	-0.0805039007061953	0.0567318429532932	-0.11244832371021	0.00228593254303419	-0.187535471516945	-0.0511885714927515	0.245232686754651	0.178160816883499	-0.134698090967187	-0.0284018157820857	-0.0690915491846212	0.219757167932049	-0.00643493532812792	0.312655253825564	-0.105296529184236	-0.0905028126217931	-0.155955089651253	-0.00681029725270774	-0.0211539416343882	0.111627135845261	-0.0818283699925738	-0.116257985552102	0.0770525934734729	-0.0713407002561492	0.0172408042253971	0.138850732964919	-0.126783253421211	0.0601380281429876	0.110513446930721
C3N_02089	0.274900323682272	-0.269055129286455	-0.29972315063336	-0.075888675206567	-0.236554074009513	0.0639109441813779	-0.24508375900171	-0.258022433181856	-0.155097677649104	0.125729190155864	-0.211551711638544	-0.318491947618044	0.000638390206074539	-0.249575056625151	-0.0868419439974958	-0.18730552628646	-0.178705831536541	-0.315418208465513	-0.0214044523779682	0.140506038895944	0.115576664507253	-0.295562648467225	0.0332063108053962	-0.194127013586063	0.320718537363023	-0.200896331011468	0.147828664831013	0.123890104248837	-0.121366172933764	-0.332009863791207	0.0768588360955056	0.0946222603841179	-0.165382343497724	0.215633888109006	0.405206392724978	-0.0675622414496699	0.397857225600177	-0.198213033827046	0.209735003932511
C3N_03054	-0.393837744043334	0.240385687724428	-0.0734981896466362	0.15546408385495	0.291560381290582	-0.376340125417039	-0.209867123971221	0.0292279683870529	-0.304009574133098	-0.30731207545309	0.252100026785654	0.314295122663512	0.0284916509485801	-0.0147838682705774	0.319384228389515	0.0594103644353341	-0.247319361522716	-0.0798723106907667	0.0951388785792078	0.293053726284596	-0.257165528408995	-0.10160847676741	0.325326122728979	-0.00593535980690227	-0.0410802599847035	0.580587844473197	0.0966792797589767	-0.159094991250403	0.467788275898305	0.0612766980626765	-0.0983516647360895	-0.000818559218312319	-0.205322378446308	-0.0430366342390369	-0.266855088124814	-0.0803053161784635	-0.0593048428199709	0.126160776938739	-0.193370296963973
C3N_01028	-0.0342085951824353	-0.12687924711127	-0.249798827400905	-0.128333074414518	0.00471678889458417	-0.0317162264822163	0.0104989249259964	-0.0021057640449854	-0.1442566231031	-0.0597202239483742	0.0839079323428894	-0.0286107991999606	0.222657678684026	-0.201936158554295	0.0191085712937248	0.189898652360012	-0.0997258403514651	-0.201105466984555	-0.0897664952253997	0.22248831879035	-0.125943980796317	0.0512220555100559	0.207790266441229	0.0891474971471549	0.173121430194474	-0.104590730292116	0.180417652771291	-0.161663194848683	0.106211040129403	-0.101414137926407	0.181321564378309	-0.203818780458823	-0.233909163723482	-0.00991664327354589	0.10584821945179	0.123248496083765	0.0492490058523775	0.00035067623583287	0.142768801147597
C3N_01016	-0.0517658977553672	-0.0295869071049827	-0.0363435578155793	0.231054914174865	0.0751187747821699	-0.287156860723891	-0.287326680978077	-0.211582009272678	-0.104453233829175	0.103953954066678	-0.0873414305030241	0.0498608765320516	-0.0824985857347273	0.226053834295905	0.2535582726001	-0.158574772489966	-0.279554652386657	-0.195196752260858	0.3220203155191	0.00357666482533336	-0.141858326793234	0.116154420216229	-0.0657222772679745	-0.0496688645422739	0.0295884222863741	-0.0129048918731491	0.0350959630342388	0.253934862707024	0.0443947748054575	-0.288896775020946	-0.152895086800469	0.187460439491159	0.051861635476456	0.352185881607307	0.00456814397140776	-0.184789147449149	-0.136500059031928	-0.145186889558473	-0.0595435274279119
C3N_02153	-0.0481573076467766	0.217075269245147	0.283716554354327	0.11516101613728	-0.186157714779755	0.0514647222449053	0.143434135335352	0.0756469836532491	0.021730567968056	-0.12716010658471	-0.00682003332794072	-0.175864928231701	-0.0447404393888746	-0.0253109317184885	-0.168914157765528	-0.114835286221386	0.124012484221809	0.190505334702802	-0.141648341760413	-0.370807012277366	-0.135025093850068	-0.233755506682813	-0.301876116530463	-0.332788723308027	-0.17949044347603	-0.0260495948382787	-0.0933414042930048	0.000879372611170205	-0.211391093160692	0.156171384193246	0.0311820450704685	0.326902475925911	0.150292906841009	-0.141053219462787	-0.111112977352895	-0.165273779716065	0.196529228397208	-0.0747856692416688	-0.283161048522939
C3N_00556	-0.0172465815829481	-0.093612360586974	-0.0664572138559447	-0.115971947350765	-0.211881337213248	0.0472135095281069	0.0121816388740348	0.233439923169811	0.124980488204126	-0.0225688346494339	-0.149424449394942	0.289432527629195	-0.0616445334837338	-0.15261559860862	-0.0611724215517316	0.0761118740596018	0.207492959974407	0.128851434300719	-0.176342441749029	0.0502954538810331	-0.040318756903538	0.425486361527877	0.117909056574486	0.157768297167898	-0.0325815897215174	-0.176477368120659	-0.212497563319851	-0.0856532133651844	-0.0642738848050875	0.027280887534046	0.0961162393314152	-0.0643718111302565	-0.108629833687777	-0.119185386892877	0.0027857971684614	0.199641024655358	-0.183076103491288	0.215856059073205	0.1914154365794
C3N_04127	-0.135013270151298	-0.101604291148199	-0.221972268102712	-0.18700860081419	0.00669916185322272	-0.0119894025756881	0.120858286021027	0.194545036656322	-0.160346408807819	-0.169789588894826	0.157561310459196	0.101442254444715	0.263159157004807	-0.222322077090062	0.0059049555022641	0.311563997550439	0.0837665046403647	-0.0803982372566718	-0.146582024469181	0.22001346607498	0.00643223706408493	0.165406625645972	0.220410504089451	0.105190640480348	0.250682697323873	-0.0921983791800828	0.108385559361863	-0.213283468532146	0.139663208720372	0.0348471412889645	0.172291850758659	-0.175180352103993	-0.206285969877527	0.00483945123084503	0.0733164207234533	0.36471429350766	-0.0382099923168595	0.122803384713556	0.34948168179428
C3N_00578	-0.11769129794415	0.139630511568536	0.131713361185727	0.110382908033083	0.0282468497092352	-0.0750794386813283	0.0737389558390571	0.105899441101232	-0.0101410600793917	-0.0976283585851948	0.0494833341931703	0.100444467585453	0.00879943075310206	-0.00162354764573494	0.0450344809443558	0.041051066480866	0.115869338940257	0.0926946382039908	0.0206933767379031	-0.0764441096466176	0.210220164595423	0.055116400650753	-0.0502870464719992	-0.0278690483017159	-0.100610598610687	0.0805594945577413	0.0075703777395892	-0.0488143370035835	-0.0119022265731295	0.149440832936012	0.079610945803867	-0.00329236155823614	0.0744993938714398	-0.0553886552376193	-0.143250489394544	-0.0694387859163887	0.040054683815533	0.0747384218945522	-0.0714581613355228
C3N_01023	0.158324219189283	-0.102517988007704	0.0880657970471489	0.118430605537525	0.0342262947086633	-0.0356367593978799	-0.151571872203179	-0.19933819737798	0.142609049795469	0.223677539099062	-0.195859839838589	-0.0751768079279586	-0.138262297344277	0.270270338270355	0.0406894457498499	-0.166205956244985	-0.081123472154083	-0.112521093972473	0.28744898763846	0.101996115067805	-0.0921316457116449	0.0717520135765017	0.0562826543560326	-0.109464584311073	-0.0777457443450307	-0.13801327764629	-0.139001788469162	0.273205258529395	-0.0493567961523078	-0.20341942749574	-0.239576440605163	0.153060056502603	0.16694916002939	0.276144700343185	0.0147852461522206	-0.133162245174002	0.081528304071121	-0.0201476358245193	0.146318110617221
C3N_00545	0.0265353311986637	0.0374892293697132	0.0822757363787514	-0.165777320583134	0.49471540803692	0.131886118305512	0.114785099810836	-0.0869319109529393	0.249490703184128	0.0481857055700404	0.130561547345431	0.170698997826104	-0.0466327048876002	0.119358909321604	-0.0429093531116696	0.072548742860988	0.204607650040455	0.156209207824377	0.0233094847561701	-0.00167276944972965	0.0036624747232149	0.0390968513694578	0.157586068739251	0.41233220656923	-0.0944085844393601	0.17302633347059	-0.0137197815728485	-0.0177330493733506	0.464657457790112	0.163037837593349	-0.0880913829548209	-0.190941204379303	0.129593967265148	-0.0447334954424007	-0.154645346432067	0.218279594921792	0.0131663785031576	0.247166586393294	0.255308409017901
C3N_02421	-0.0518255031746602	0.199929929730215	0.22800198539553	0.0377051491951452	-0.0635020677689303	0.0318768679352466	-0.00249614519222796	0.0254227785800703	0.145545669129574	-0.0101439973812181	0.0340609342772402	0.189082386815593	-0.0602479544552119	0.104881054044451	0.00663184910753093	-0.0140939925136438	0.0944743524771018	0.218514998977722	-0.0249956800929839	-0.208824495760584	0.0318260775675348	0.116415663198121	-0.0433724399252047	-0.0581483524072407	-0.141121696427278	0.0409043208805646	-0.122752867190124	0.015721254486237	0.000350727809488039	0.180218699965502	-0.0881382157630473	0.127909821773551	0.16589401605105	-0.134810791484533	-0.221060943745061	-0.00891303278448813	0.0317568043731083	0.0928320279470857	-0.106643015277089
C3N_00180	0.265140625210945	-0.148388368659908	-0.0944564999416238	0.363229743795738	-0.0453247526017743	-0.130912441412916	-0.211057684564608	-0.313685118472233	0.00786698224446144	0.393898388299859	-0.162131106272312	0.125182071300583	-0.0491563620748413	0.143374786358378	0.369240834773606	-0.206537000860904	-0.246056210788696	-0.241465827601367	0.380423652207923	-0.239786739358088	0.0735140090532728	0.160249906994666	-0.338889034618015	0.284128714211011	0.148563077620631	-0.0696408204725392	0.175407607932186	0.321935040739272	-0.215587943196199	-0.36198531678316	-0.313657899263661	-0.231597420082288	-0.0721612864150785	0.36454698853639	0.0256134552888627	-0.139583913717223	-0.132651296896272	-0.349966796850175	-0.187950033902656
C3N_02425	0.211689164290222	-0.365862346724561	-0.275228074317219	-0.390245134453552	-0.216454152907235	0.297252759905334	0.51034500591224	0.400238569111869	-0.118117070663648	0.238676491577737	0.424625794686242	-0.345975237527154	0.6189827287465	-0.307907111103551	-0.343098399121938	0.446736231337187	0.070161629866583	-0.112938417788327	-0.26375438028086	-0.0561642074730801	-0.0083737968965122	-0.291220467397942	-0.255443880771924	0.143380081887955	0.365543489685119	-0.174242684225858	0.361103488444721	-0.210117808877023	-0.257598734575398	0.183586509739527	0.172278234859528	-0.448354101310497	-0.287861607777143	-0.0542290776045947	0.346901710777575	0.486783152020056	0.177727141059591	-0.332455194218848	-0.0753551957971405
C3N_00546	-0.0854253077572377	0.0857993592291513	0.123771194852216	0.0547539432158177	-0.216815180054251	-0.0577639241726292	0.0445153295356411	0.187413345277325	0.0854212096252226	-0.0674195822086747	-0.12431514570923	-0.115900973220898	-0.0889973153154128	-0.0863341573428597	-0.12671474886313	-0.0673016061250068	0.14868074115426	0.170954172531904	-0.138465807283622	0.0122115969593362	0.139629010466244	-0.0731411774712236	0.104090400435832	-0.135313521925415	-0.13268580955714	-0.12251678451955	-0.174421026870415	-0.0731206102512422	-0.138260499019665	0.110623516454394	-0.0438369624196306	0.0733469749719174	0.0177978702603449	-0.131359831637364	-0.085213101327568	0.00576275910435643	0.156893293966495	0.153375016121883	0.0541912869150666
C3N_00580	0.210255853362201	-0.0808504255578806	0.108592267706946	-0.115655528368124	-0.0577665024708496	0.268163127573233	0.0758205636463852	-0.142077045078621	0.157075819901443	0.0753479342462421	-0.21938790922753	-0.176937406640788	-0.140708184488725	0.00952561108949352	-0.261696597064923	-0.210358787743209	0.12841752121247	0.108149841476927	-0.121440478649035	-0.127999539601526	0.1090945379622	-0.117959547124219	-0.234901702035685	-0.216961628479684	-0.175596734820954	-0.0216699566476702	-0.25800455738867	0.00493612382451817	-0.293684741553988	0.0705955844335696	0.0157921899852717	0.12879100977227	0.1707049133699	-0.172453569689933	0.163400977100789	-0.0698578896069927	0.330032480393917	-0.136856861678467	-0.0615317137851534
C3N_02424	0.0392918925018605	-0.166716636498519	-0.141521570708028	-0.217693692342203	-0.227334855544848	0.136118959356745	0.0865949564708505	0.199124369362672	0.147635825420577	0.0745947127139395	-0.199863630768721	-0.094083578695187	-0.0917908397909408	-0.212162802369428	-0.177369713744459	0.0499439156847283	0.24012557913059	0.0776554119171663	-0.241831187912855	0.379195293632317	-0.0503376678850601	0.0877842041114544	0.268889942451742	0.170892772886226	-0.0393882701802233	-0.190733965919391	-0.209937588159154	-0.168686912793162	-0.113577140767049	0.0610931382971945	-0.005885113819277	-0.194717200596837	-0.175979605662441	-0.120765957499236	0.0678331737224067	0.20853103638856	-0.0253593419901788	0.266556900510254	0.306610841455305
C3N_02572	-0.177441630694485	0.263183205997956	0.129436617292373	0.204662653737939	-0.0507786290128988	-0.131080413202815	-0.0434417762925129	0.128481939794431	-0.0829365108251476	-0.217842609705557	0.0450492371855877	0.104189150128381	-0.0426570396579935	0.0775930069616308	0.109836051737524	-0.0547530515352343	-0.0339288039511206	0.0933995821996601	0.00692569037006553	-0.129401186303351	0.0659070286742208	-0.00687877859776299	-0.0701177382113054	-0.0947039840561214	-0.0884185741081144	0.143002483954846	-0.0947343097218973	-0.0946250546805819	-0.067288305964674	0.0893052172692	-0.180405821856692	0.011088020151249	-0.00715347979017851	-0.112766394748856	-0.15138208315823	-0.109703202513697	-0.143551432249488	0.0506778955468232	-0.131095344359449
C3N_00167	-0.0136880349803568	0.154092056043086	0.160412677405604	-0.0264306297531031	0.235067693139377	0.0684992824299423	0.132729444689307	-0.0721301634521144	0.147799180249382	0.0394999758115027	0.0629679356689727	0.0366649351639991	-0.0456329144598683	0.158212046675599	-0.0459615980629318	-0.0478691924717863	0.0771258697559443	0.167936497061328	0.0243102586862179	-0.184424817269801	0.324518284152195	-0.165463721516891	-0.117871772028185	0.119852880387528	-0.137262888674645	0.183130281231974	-0.0318135115792146	-0.028529484020164	0.101050656552467	0.214759283391304	-0.143460582389171	-0.121213534605837	0.121761568296735	-0.138169579995629	-0.186878450082846	-0.0743717110979449	-0.181688316331429	0.0333942557340847	-0.163723931393566
C3N_02155	0.119280069428403	-0.0626719231186131	-0.0108557841363734	0.2862706614444	-0.169401905217571	-0.0246602651042881	-0.182979084132533	-0.207824355997913	-0.0541210994496909	0.126694587961871	-0.153192465602552	-0.192317222505336	-0.0735323222978286	0.0538988290150114	0.273820501998144	-0.223385354508948	-0.230519980914435	-0.124558390997685	0.166974986895587	-0.174295351044648	0.376295059157229	-0.0703924484192012	-0.292591007641877	-0.0334222929042337	0.0144270407555036	-0.110979393742503	0.0353822458805342	0.182483325133582	-0.25186611388926	-0.32710867346738	0.0991842936745017	0.247707443528212	0.16946302811854	0.179618606360935	0.184208079747064	-0.243845829981895	-0.159424094751409	-0.306502620235595	-0.166162068488509
C3N_00555	0.0423134282339866	-0.246877178165607	-0.318829044628954	-0.258361065436015	0.0557464933535919	0.0971465721498407	0.297301729609087	0.0380515846185008	-0.235452834618508	-0.149957649092713	0.290954376648201	-0.205077622766145	0.383408973173302	-0.293794479246561	-0.105552622034522	0.419531199540532	-0.0976108676764959	-0.251380456989239	-0.174988823976969	0.0744205349900154	-0.0616058318279625	-0.119363059082073	-0.0454932809057097	-0.0996621897785311	0.409779709970496	0.0191308783398372	0.398272048133143	-0.259951881183787	-0.0208483765325119	0.00768176940403717	0.449721467004542	-0.229267862460343	-0.243616394939354	-0.0168253930164757	0.319871448244522	0.266737497412457	0.202934214795035	-0.18360630904714	-0.015936388139637
C3N_01415	-0.0344193992446354	0.0814058422452805	0.0603849352577036	-0.078001629901718	0.0384765217525689	0.0737638787925017	0.0163303289677096	0.148867175483701	0.0479822203654607	-0.107837605931785	-0.0139258346421289	0.0421401633599985	-0.02452172138442	0.0153399053946797	-0.110711531700899	-0.00127555432664202	0.101394686532262	0.129117819444646	-0.058971309400601	-0.0539199283880191	0.122328892298086	0.000828437589884918	-0.0408000821375435	-0.147988866419799	-0.00115368220978341	0.0647607423494677	-0.0840107160075111	-0.109352519132384	-0.0415375692475468	0.117828108534858	0.0966537641851249	0.0400993700017436	0.00141771204915413	-0.108215591469994	-0.00857451231270328	-0.0416522195948926	-0.0896319958891001	0.117897161846534	-0.0177601293604627
C3N_00547	0.29066221998519	-0.0856830046552463	0.176532776686544	0.0550072316759255	0.213894444132944	0.0450689180895463	0.0202162833570065	-0.273184690072418	0.209331546243825	0.357314955585394	-0.10553187848784	0.0450226463850783	-0.111157188753056	0.340167532273741	0.0195874355899523	-0.135420609112972	-0.0810866029645721	-0.0484201675669543	0.290956586120023	0.0394309068953075	0.227608248086582	0.157484626911207	-0.149513501276363	0.0376215505274301	-0.0481484532640937	0.0684908443311834	0.040824475325823	0.330534857576358	-0.06801506379794	-0.161420950498331	-0.238179154590073	-0.0481065594866221	0.27737878916106	0.332056795575266	-0.0373946075106598	-0.150831244137274	-0.155986589770981	-0.213410691089607	0.0452387717925581
C3N_02090	-0.204252810531765	0.108642269860813	-0.0945814001784963	0.0260115682807485	0.12437969794547	-0.122736715603269	-0.0341081551540481	0.10511558813542	-0.140387927913577	-0.16924981996866	0.177284085366568	0.181173655935243	0.0926798136195031	-0.0763906349217704	0.17631586644175	0.115469424167397	-0.0761376614717262	-0.0715073214444461	0.015385594979269	0.0953680417335993	-0.154145711369002	0.0971102202232307	0.156084868469883	0.0256533393748492	0.0338321451564261	0.117173871915708	0.114478490898555	-0.144559138468135	0.193386876270749	0.058044774550336	-0.0257473923164342	-0.0875854242931008	-0.136921846245436	-0.0538080672874738	-0.15465057233449	0.0344285651716852	-0.142803298990972	0.0868747861554446	0.044566150108239
C3N_01017	-0.0822999858412343	-0.11906163558468	-0.247073420668722	-0.0802832509880165	0.0848526708191462	-0.0767894427152991	0.216394558789787	0.0973418660584504	-0.260523927860253	-0.132131302252849	0.336612598154568	-0.1604440122409	0.337049111278096	-0.242524918302775	-0.00578567986335912	0.280735654228187	-0.22191422183674	-0.250815538936367	-0.0897699661014194	0.00880647280295071	-0.00518843249518642	-0.268981813584882	0.00117649265320999	-0.129949059356066	0.319573972110465	0.0950425129036493	0.387168301868674	-0.193898565651854	0.100001552234856	0.0180515775417886	0.483573711309407	0.022096322134302	-0.266871389157473	-0.0473366940058605	0.209268964568547	0.128510037173482	0.023866045002573	-0.198232415350178	-0.263707636378883
C3N_02142	0.121325128127356	-0.0763112192009054	0.122091898470033	-0.204626777672582	-0.135027606072172	0.234272898777367	0.0781133315140548	-0.0352801801172093	0.278441932395441	0.153399475690712	-0.166865821629309	-0.0928837881679122	-0.104574648758664	0.0262957751560035	-0.201157524757525	-0.0397046084999705	0.226849557340956	0.230358646849212	-0.182908019908453	0.0969693659447291	-0.141174632972378	0.00444736647870876	0.0783392286714249	0.0990397474524527	-0.108311634048503	-0.184874988658066	-0.201163853558398	0.0753725859135105	-0.0842641657923849	0.0578050713311471	0.0504281862250157	0.0996221215400324	0.17693657100099	-0.129368169493591	0.00108671652206889	0.0735267562284003	-0.126378587679492	0.10436462405419	0.0470824168881751
C3N_01019	0.1352516488048	-0.0549221421245713	0.198991543085104	-0.11204432529017	-0.118169293558151	0.246413371561755	0.0924194200210906	0.0106300461187701	0.210440079682603	0.00419810115389975	-0.181834338956156	-0.207596194426352	-0.135097938250482	0.082340379668733	-0.196548850439498	-0.051650186844993	0.251128571069435	0.260135263392162	-0.125649450402362	0.0317017203657092	0.0984817699908821	-0.14253798985175	0.0478571805241796	0.0446508332137756	-0.144571875520958	-0.206865922709851	-0.205812005198397	0.0963758286597333	-0.0505143254243966	0.137020121626149	0.0308349729666554	0.153964537749937	0.146681012479582	-0.159229632592005	-0.00112031844094583	-0.00528622153848158	0.0951464183096607	0.108438940598343	-0.0301818573225227
C3N_01410	0.078890996319128	-0.0786299904395099	0.0493793153981571	0.144959894251355	0.266552312715456	-0.0620480602187185	-0.138780017367451	-0.256721381453831	0.0572381187151296	0.173244004599361	-0.110235401413521	-0.0389206601530092	-0.0876402135930679	0.274931508880372	0.0899521257614183	-0.124404831053382	-0.130702319372847	-0.147354382119239	0.334733100850932	-0.0651805547186029	0.0262868844308744	0.0366554366553759	-0.0807843397542932	-0.0151316028934438	-0.0637384350970014	0.11480985183518	0.0184019181572361	0.344310544889929	0.0593360589700539	-0.204060548628129	-0.0942788077128773	0.0437763416701965	0.214786573223103	0.406837222512675	0.0179672357488208	-0.108089608343933	0.115857254297767	-0.127494634728242	0.0707027444122161
C3N_00169	0.105253882595917	0.00830485856608311	0.0445125501794941	0.0861488843514394	0.0449773693257576	0.0460775991250209	-0.0422403822474552	0.0320605329348265	0.108918618784484	0.134884959483121	-0.0563693239144147	0.00610079659154302	-0.0666884271183272	0.0877959641765799	-0.0182112334182533	-0.0769896673518832	0.0102791690531003	-0.000251602596202	0.0122580741679512	-0.146509053471852	0.0416089987422436	0.0766763282661565	-0.0952908584045362	0.166385079088746	-0.0931311563876363	0.0875569486475297	-0.0637067597567118	0.175694631533448	-0.0281181941771228	-0.0750174130990193	0.0272955219806707	-0.0292690266250399	0.113987805338781	0.00899040153418866	-0.00133486463677356	-0.0911096122778895	-0.260487069857205	-0.019626762143377	0.0646682949644849
C3N_03073	-0.222031930310026	0.3408124361971	0.212774437889582	0.188758752965967	0.0239100178933482	-0.229280534820831	-0.065773231624337	0.0801793894112453	-0.159155801695382	-0.162457147898349	0.0734535866317651	-0.0974088110996753	-0.0746121894828323	0.144707620450615	0.0388773891029632	-0.149116084631742	-0.123726396825917	0.0993453026104363	0.0186985238570137	-0.263679953463574	-0.260234379786964	-0.278093162430175	-0.197001622024322	-0.324398602369378	-0.151399933600841	0.0902808613715869	-0.0790526172429928	-0.00406730599702211	-0.0328410107402096	0.0822506648665315	-0.0306692500597885	0.344014254823304	0.104468783361397	-0.121273560911374	-0.149319726234023	-0.254173627941849	-0.179298746506468	-0.0250791142487029	-0.279110811098753
