	MEorange	MEyellowgreen	MEplum1	MEgreen	MEpaleturquoise	MElightyellow	MEyellow	MEskyblue3	MEblue	MEbrown	MEred	MEdarkgreen	MEsalmon	MEcyan	MEgrey60	MEmidnightblue	MEorangered4	MEblack	MEdarkgrey	MEdarkorange	MEwhite	MEdarkolivegreen	MEdarkmagenta	MEviolet	MEturquoise	MEdarkturquoise	MEskyblue
C3N_01408	-0.0400558832275353	0.183040731916724	-0.030095053844329	-0.061911911406555	-0.123417760896063	0.169527943526533	0.180799173647307	-0.134551232396986	0.132005579622191	0.111886533703073	0.0258497994028889	0.0957879934185321	0.0636741329526415	-0.0578269363237121	0.0183906971610887	-0.0276532510469634	0.196351007351903	-0.0510501503851241	0.0945373065983424	0.115991293426937	-0.0184678302738851	0.0434276842758802	0.156916293459984	0.0499298208929365	-0.0925865913022593	-0.0234415410773183	-0.0790090338488822
C3N_02088	-0.0273458623539131	-0.0329381195752773	-0.0696860244010064	0.212730346191196	0.162686850847394	0.0968616522685656	0.207984391738044	0.0965963533555073	0.187411788459979	0.0355400613732875	0.364434374069429	0.0992864547421621	0.0696494096354093	0.148341255251322	-0.0563988421134926	-0.0346004048091214	0.1217944924216	-0.224926518641103	-0.0928221523213029	-0.0885914545904913	-0.0716862566373025	0.137473281309012	0.0498495182603451	0.000102386003810961	-0.16623600728682	0.00846299840546394	-0.0207495807800504
C3N_03076	0.00567757568388105	-0.0486416269335386	-0.108097978239553	0.258076265721268	0.241116215279296	-0.259401536162101	-0.0625429901935013	-0.0273902889306545	-0.102826875259217	-0.334212667557932	-0.141620415813237	-0.231817545880312	-0.00452664095439814	0.108664113343137	-0.253498742528268	-0.0639500632061365	-0.354820335888802	-0.209072897440344	-0.252303056091367	-0.32533549775797	0.154915168720321	0.0260922091362353	-0.167105081228753	-0.00737621150201218	0.200083150796489	0.178702797074111	0.185582487481864
C3N_01489	0.213315367083599	0.109443072050217	0.149490285845032	0.0568579807887242	0.111530871578629	0.102289396816847	0.164943566640288	-0.0602247531155131	-0.0500442622719942	0.0440389029428937	-0.141737825931735	0.0353210301931395	0.143529856275591	-0.118792011582697	0.00897308915112675	-0.0654181322613044	0.0673062024295474	0.0852017335445838	0.163559313598397	0.168304998542954	0.162735763299402	-0.101431830933732	0.00045705819789138	0.0996192835018241	-0.0427383601349443	-0.0860529959484305	0.0381415967361819
C3N_02928	0.0588192035620408	-0.0698954762741318	0.0348965241957747	0.162658128076582	0.115656793681796	0.081660201713631	0.116225898792684	-0.0246321247042668	0.184741280980262	0.0322820224407599	0.0577215945653063	-0.0567685698076796	0.0654201982774565	0.110253877776625	-0.0228317415027443	-0.0351237999258635	-0.244491632399044	-0.175871542476089	-0.179641830570628	-0.0814714003445899	-0.1888586306058	0.191352030150102	-0.0574729662722702	-0.0147490958977009	-0.192585316510231	0.000952802078945022	-0.0671762536277995
C3N_03057	0.222347730633568	-0.209937603168127	-0.147268696535938	0.103586039178027	-0.141505564635334	-0.0658915650094779	0.0600043005970622	0.0549856978598997	0.251570384490759	0.0122600574023945	0.0982618740380573	0.0336140306095296	0.220909670281619	0.165323263784994	0.0257349313224793	-0.0396115344215489	-0.226713208254746	-0.213444431091928	-0.28620362987655	-0.225449505786044	-0.150609705344689	-0.0389174314920751	-0.25889662628025	-0.166773539884102	-0.225843944773908	-0.035107572607104	-0.201878385994533
C3N_00560	-0.0069590803602038	-0.0980403007448404	0.134109124430361	-0.14299602880086	-0.100267215289882	-0.165302758732425	-0.168035924045633	-0.00754234851462915	-0.103663852433847	-0.0590069508955621	-0.0351673799207667	0.0886851285699175	-0.0631887126369634	0.0182383545177115	0.140382033949165	0.234486763670366	0.119794458197155	0.127914237209068	-0.0252316679337771	0.0155580945938527	0.0115317154851171	-0.192973531585536	-0.160566461951879	-0.07638914323595	0.155824529099722	-0.0205764952683194	-0.049603437237488
C3N_02150	0.138862311518383	0.235059085727466	-0.15651338122454	-0.0757727246421031	0.0175145199700329	-0.0751429400487012	-0.029439331041021	0.193089429887729	-0.104881422643186	-0.00328277179657731	-0.163041388193735	-0.142796548776524	-0.0288622430749049	-0.11777122712455	0.0124686520962118	-0.00452889851655497	-0.109615990447669	0.0613379314309761	0.136805470961286	0.00233422543125116	0.328976318913367	-0.106954173283982	-0.129397194943948	-0.135427816091002	0.0769728350612048	-0.150051558749067	-0.0434490710784661
C3N_00551	-0.013314456304074	0.110513446930721	0.312655253825564	0.0567318429532932	0.219757167932049	0.206064907368595	0.0601380281429876	-0.116257985552102	-0.0618324827468717	0.0782277717268836	-0.0905028126217931	-0.00928478221060564	-0.0211539416343882	-0.182736346650115	-0.00136754265037353	-0.100214914059252	-0.0690915491846212	0.153763934006525	0.255361326207974	0.205150985202614	-0.126783253421211	0.00912847404392493	0.13466338016878	0.138850732964919	0.0172408042253971	-0.112035454299607	-0.0818283699925738
C3N_02089	0.0664135863998553	0.209735003932511	-0.194127013586063	-0.318491947618044	-0.295562648467225	-0.295562114125107	-0.198213033827046	0.0946222603841179	-0.269055129286455	-0.278974891458762	-0.200896331011468	-0.236554074009513	-0.121366172933764	-0.0991803321232206	-0.0990826442834622	0.114914635193766	0.115576664507253	0.23341674220756	0.0639109441813779	-0.155097677649104	0.397857225600177	-0.258022433181856	-0.24508375900171	-0.0675622414496699	0.405206392724978	0.0430212230297972	0.0768588360955056
C3N_03054	0.329595986368067	-0.193370296963973	-0.00593535980690227	0.314295122663512	-0.10160847676741	-0.121257523653265	0.126160776938739	-0.000818559218312319	0.240385687724428	-0.101182725375802	0.580587844473197	0.291560381290582	0.467788275898305	0.238394051203399	-0.0817450409914835	0.0139252174443711	-0.257165528408995	-0.376140421889933	-0.376340125417039	-0.304009574133098	-0.0593048428199709	0.0292279683870529	-0.209867123971221	-0.0803053161784635	-0.266855088124814	0.0532495973911835	-0.0983516647360895
C3N_01028	0.219125175255452	0.142768801147597	0.0891474971471549	-0.0286107991999606	0.0512220555100559	-0.166641390767679	0.00035067623583287	-0.203818780458823	-0.12687924711127	-0.252788391592916	-0.104590730292116	0.00471678889458417	0.106211040129403	-0.0634379867274736	-0.195866915704593	-0.0451569283787424	-0.125943980796317	-0.0440399273564553	-0.0317162264822163	-0.1442566231031	0.0492490058523775	-0.0021057640449854	0.0104989249259964	0.123248496083765	0.10584821945179	0.20156865625794	0.181321564378309
C3N_01016	-0.0496650225657017	-0.0595435274279119	-0.0496688645422739	0.0498608765320516	0.116154420216229	-0.252463733790375	-0.145186889558473	0.187460439491159	-0.0295869071049827	-0.0187960060744837	-0.0129048918731491	0.0751187747821699	0.0443947748054575	0.25416170584269	0.252710185530779	0.358574110821772	-0.141858326793234	-0.0012289669789933	-0.287156860723891	-0.104453233829175	-0.136500059031928	-0.211582009272678	-0.287326680978077	-0.184789147449149	0.00456814397140776	-0.0577549261345299	-0.152895086800469
C3N_02153	-0.331639550289677	-0.283161048522939	-0.332788723308027	-0.175864928231701	-0.233755506682813	0.180967819809444	-0.0747856692416688	0.326902475925911	0.217075269245147	0.263110832237375	-0.0260495948382787	-0.186157714779755	-0.211391093160692	-0.0119402922167293	-0.0173424549488474	-0.146961813453408	-0.135025093850068	-0.073762247885784	0.0514647222449053	0.021730567968056	0.196529228397208	0.0756469836532491	0.143434135335352	-0.165273779716065	-0.111112977352895	-0.101656833612548	0.0311820450704685
C3N_00556	0.105513410503337	0.1914154365794	0.157768297167898	0.289432527629195	0.425486361527877	0.144516113618276	0.215856059073205	-0.0643718111302565	-0.093612360586974	-0.0752189958482256	-0.176477368120659	-0.211881337213248	-0.0642738848050875	-0.0911874756711049	-0.13059694781301	-0.145376584987463	-0.040318756903538	-0.0199208994520968	0.0472135095281069	0.124980488204126	-0.183076103491288	0.233439923169811	0.0121816388740348	0.199641024655358	0.0027857971684614	-0.0675526486199803	0.0961162393314152
C3N_04127	0.226991828178394	0.34948168179428	0.105190640480348	0.101442254444715	0.165406625645972	-0.0162033194043494	0.122803384713556	-0.175180352103993	-0.101604291148199	-0.224051496778459	-0.0921983791800828	0.00669916185322272	0.139663208720372	-0.10389937794449	-0.231223735993848	-0.0597915739702821	0.00643223706408493	-0.148461035390959	-0.0119894025756881	-0.160346408807819	-0.0382099923168595	0.194545036656322	0.120858286021027	0.36471429350766	0.0733164207234533	0.259435343869599	0.172291850758659
C3N_00578	-0.0595583381067322	-0.0714581613355228	-0.0278690483017159	0.100444467585453	0.055116400650753	0.114076351690847	0.0747384218945522	-0.00329236155823614	0.139630511568536	0.121767360307952	0.0805594945577413	0.0282468497092352	-0.0119022265731295	0.0827284466592494	-0.0231398004636975	-0.0269814947425058	0.210220164595423	-0.114782730729879	-0.0750794386813283	-0.0101410600793917	0.040054683815533	0.105899441101232	0.0737389558390571	-0.0694387859163887	-0.143250489394544	-0.0161227561035149	0.079610945803867
C3N_01023	0.0706760904305214	0.146318110617221	-0.109464584311073	-0.0751768079279586	0.0717520135765017	-0.125832956323973	-0.0201476358245193	0.153060056502603	-0.102517988007704	0.107005921241463	-0.13801327764629	0.0342262947086633	-0.0493567961523078	0.0937903649860968	0.290022461486394	0.298291304932118	-0.0921316457116449	0.183821579360417	-0.0356367593978799	0.142609049795469	0.081528304071121	-0.19933819737798	-0.151571872203179	-0.133162245174002	0.0147852461522206	-0.143319960591545	-0.239576440605163
C3N_00545	0.119221292682578	0.255308409017901	0.41233220656923	0.170698997826104	0.0390968513694578	0.185177790294611	0.247166586393294	-0.190941204379303	0.0374892293697132	0.0939601700294326	0.17302633347059	0.49471540803692	0.464657457790112	-0.122617377276378	0.0624726027737343	-0.0173277695343695	0.0036624747232149	0.0340284371659788	0.131886118305512	0.249490703184128	0.0131663785031576	-0.0869319109529393	0.114785099810836	0.218279594921792	-0.154645346432067	-0.0214110711006689	-0.0880913829548209
C3N_02421	-0.0899504866232172	-0.106643015277089	-0.0581483524072407	0.189082386815593	0.116415663198121	0.188862056691952	0.0928320279470857	0.127909821773551	0.199929929730215	0.220020957760449	0.0409043208805646	-0.0635020677689303	0.000350727809488039	0.0248524462206232	0.0667538388902603	-0.0937193646183614	0.0318260775675348	-0.0409108856507308	0.0318768679352466	0.145545669129574	0.0317568043731083	0.0254227785800703	-0.00249614519222796	-0.00891303278448813	-0.221060943745061	-0.0782211058331739	-0.0881382157630473
C3N_00180	-0.326834773519441	-0.187950033902656	0.284128714211011	0.125182071300583	0.160249906994666	-0.278223880682415	-0.349966796850175	-0.231597420082288	-0.148388368659908	-0.0936101650730809	-0.0696408204725392	-0.0453247526017743	-0.215587943196199	0.386700277930189	0.237820363715693	0.391353559485875	0.0735140090532728	0.321060524541786	-0.130912441412916	0.00786698224446144	-0.132651296896272	-0.313685118472233	-0.211057684564608	-0.139583913717223	0.0256134552888627	-0.0186400624567226	-0.313657899263661
C3N_02425	-0.211818036901672	-0.0753551957971405	0.143380081887955	-0.345975237527154	-0.291220467397942	-0.0111676385998199	-0.332455194218848	-0.448354101310497	-0.365862346724561	-0.288360715791968	-0.174242684225858	-0.216454152907235	-0.257598734575398	-0.393301756346166	-0.278623543946957	-0.147720194636351	-0.0083737968965122	0.227745860740125	0.297252759905334	-0.118117070663648	0.177727141059591	0.400238569111869	0.51034500591224	0.486783152020056	0.346901710777575	0.5376534622854	0.172278234859528
C3N_00546	0.0842991463019815	0.0541912869150666	-0.135313521925415	-0.115900973220898	-0.0731411774712236	0.163658791259809	0.153375016121883	0.0733469749719174	0.0857993592291513	0.103929955479522	-0.12251678451955	-0.216815180054251	-0.138260499019665	-0.0262676072054078	-0.087079648043528	-0.139271181744976	0.139629010466244	-0.0796193436293772	-0.0577639241726292	0.0854212096252226	0.156893293966495	0.187413345277325	0.0445153295356411	0.00576275910435643	-0.085213101327568	-0.119699456537192	-0.0438369624196306
C3N_00580	-0.212272414140151	-0.0615317137851534	-0.216961628479684	-0.176937406640788	-0.117959547124219	0.1210953864129	-0.136856861678467	0.12879100977227	-0.0808504255578806	0.124862067428446	-0.0216699566476702	-0.0577665024708496	-0.293684741553988	-0.187322528615021	0.00689165350629431	-0.15941879373896	0.1090945379622	0.169530460223819	0.268163127573233	0.157075819901443	0.330032480393917	-0.142077045078621	0.0758205636463852	-0.0698578896069927	0.163400977100789	-0.198159614882045	0.0157921899852717
C3N_02424	0.307162269980376	0.306610841455305	0.170892772886226	-0.094083578695187	0.0877842041114544	0.131590550394085	0.266556900510254	-0.194717200596837	-0.166716636498519	-0.150692725628371	-0.190733965919391	-0.227334855544848	-0.113577140767049	-0.201013829490798	-0.203597211070864	-0.176353716817517	-0.0503376678850601	0.0505966593654859	0.136118959356745	0.147635825420577	-0.0253593419901788	0.199124369362672	0.0865949564708505	0.20853103638856	0.0678331737224067	-0.0905618604216435	-0.005885113819277
C3N_02572	-0.0891764109932076	-0.131095344359449	-0.0947039840561214	0.104189150128381	-0.00687877859776299	0.0562054524313655	0.0506778955468232	0.011088020151249	0.263183205997956	0.103901576519477	0.143002483954846	-0.0507786290128988	-0.067288305964674	0.171348954950259	0.00381110144757102	-0.0672335358610636	0.0659070286742208	-0.193754187688939	-0.131080413202815	-0.0829365108251476	-0.143551432249488	0.128481939794431	-0.0434417762925129	-0.109703202513697	-0.15138208315823	-0.0582836894111639	-0.180405821856692
C3N_00167	-0.141805619715867	-0.163723931393566	0.119852880387528	0.0366649351639991	-0.165463721516891	0.158496597660887	0.0333942557340847	-0.121213534605837	0.154092056043086	0.157168324372081	0.183130281231974	0.235067693139377	0.101050656552467	-0.0392147882009673	0.082395221352457	-0.0748004533463669	0.324518284152195	0.0034178809913811	0.0684992824299423	0.147799180249382	-0.181688316331429	-0.0721301634521144	0.132729444689307	-0.0743717110979449	-0.186878450082846	-0.0603127780082808	-0.143460582389171
C3N_02155	-0.269475153203108	-0.166162068488509	-0.0334222929042337	-0.192317222505336	-0.0703924484192012	-0.201563913927769	-0.306502620235595	0.247707443528212	-0.0626719231186131	0.0224671259929517	-0.110979393742503	-0.169401905217571	-0.25186611388926	0.303987052229097	0.117840132264147	0.178712716423165	0.376295059157229	0.124143561088893	-0.0246602651042881	-0.0541210994496909	-0.159424094751409	-0.207824355997913	-0.182979084132533	-0.243845829981895	0.184208079747064	-0.0775801725036496	0.0991842936745017
C3N_00555	-0.0144867812884727	-0.015936388139637	-0.0996621897785311	-0.205077622766145	-0.119363059082073	-0.178626772474279	-0.18360630904714	-0.229267862460343	-0.246877178165607	-0.31242245708489	0.0191308783398372	0.0557464933535919	-0.0208483765325119	-0.212373823135165	-0.295889793737627	-0.0891703672679947	-0.0616058318279625	-0.0199661054319191	0.0971465721498407	-0.235452834618508	0.202934214795035	0.0380515846185008	0.297301729609087	0.266737497412457	0.319871448244522	0.430809358839004	0.449721467004542
C3N_01415	-0.0472619949167446	-0.0177601293604627	-0.147988866419799	0.0421401633599985	0.000828437589884918	0.12775906861881	0.117897161846534	0.0400993700017436	0.0814058422452805	0.0512079219309158	0.0647607423494677	0.0384765217525689	-0.0415375692475468	-0.0981711605345696	-0.0400065202088211	-0.0917864239641954	0.122328892298086	-0.0589835686412666	0.0737638787925017	0.0479822203654607	-0.0896319958891001	0.148867175483701	0.0163303289677096	-0.0416522195948926	-0.00857451231270328	-0.0280984680720427	0.0966537641851249
C3N_00547	-0.105110545567626	0.0452387717925581	0.0376215505274301	0.0450226463850783	0.157484626911207	-0.0764799432673965	-0.213410691089607	-0.0481065594866221	-0.0856830046552463	0.201858013525656	0.0684908443311834	0.213894444132944	-0.06801506379794	0.0430091833463651	0.360382248506522	0.329739186681655	0.227608248086582	0.32170427227923	0.0450689180895463	0.209331546243825	-0.155986589770981	-0.273184690072418	0.0202162833570065	-0.150831244137274	-0.0373946075106598	-0.0849618076021761	-0.238179154590073
C3N_02090	0.145916819154377	0.044566150108239	0.0256533393748492	0.181173655935243	0.0971102202232307	-0.0598514143965262	0.0868747861554446	-0.0875854242931008	0.108642269860813	-0.105290664683483	0.117173871915708	0.12437969794547	0.193386876270749	0.100482856639936	-0.111156260429754	-0.027882696660782	-0.154145711369002	-0.198707692601827	-0.122736715603269	-0.140387927913577	-0.142803298990972	0.10511558813542	-0.0341081551540481	0.0344285651716852	-0.15465057233449	0.100783802214463	-0.0257473923164342
C3N_01017	0.00481350867840899	-0.263707636378883	-0.129949059356066	-0.1604440122409	-0.268981813584882	-0.219164923066573	-0.198232415350178	0.022096322134302	-0.11906163558468	-0.257563170261186	0.0950425129036493	0.0848526708191462	0.100001552234856	-0.0556134107154704	-0.232589018977375	-0.0709097056683328	-0.00518843249518642	-0.101907704537539	-0.0767894427152991	-0.260523927860253	0.023866045002573	0.0973418660584504	0.216394558789787	0.128510037173482	0.209268964568547	0.369028652209712	0.483573711309407
C3N_02142	0.088216378124481	0.0470824168881751	0.0990397474524527	-0.0928837881679122	0.00444736647870876	0.2197498483983	0.10436462405419	0.0996221215400324	-0.0763112192009054	0.135386107694197	-0.184874988658066	-0.135027606072172	-0.0842641657923849	-0.210229161849677	0.0466901913653453	-0.156760657710099	-0.141174632972378	0.13391799542963	0.234272898777367	0.278441932395441	-0.126378587679492	-0.0352801801172093	0.0781133315140548	0.0735267562284003	0.00108671652206889	-0.124407165367593	0.0504281862250157
C3N_01019	0.0457120045307128	-0.0301818573225227	0.0446508332137756	-0.207596194426352	-0.14253798985175	0.256750785683514	0.108438940598343	0.153964537749937	-0.0549221421245713	0.194298062634633	-0.206865922709851	-0.118169293558151	-0.0505143254243966	-0.154790388997928	0.0919939134175186	-0.149570146808442	0.0984817699908821	0.0948743150354019	0.246413371561755	0.210440079682603	0.0951464183096607	0.0106300461187701	0.0924194200210906	-0.00528622153848158	-0.00112031844094583	-0.152311330770829	0.0308349729666554
C3N_01410	-0.0790908272866947	0.0707027444122161	-0.0151316028934438	-0.0389206601530092	0.0366554366553759	-0.159215699842333	-0.127494634728242	0.0437763416701965	-0.0786299904395099	0.0847990100445028	0.11480985183518	0.266552312715456	0.0593360589700539	0.130037731574115	0.323321836504208	0.396387954303137	0.0262868844308744	0.11242592823345	-0.0620480602187185	0.0572381187151296	0.115857254297767	-0.256721381453831	-0.138780017367451	-0.108089608343933	0.0179672357488208	-0.082655096755763	-0.0942788077128773
C3N_00169	-0.11303398551568	0.0646682949644849	0.166385079088746	0.00610079659154302	0.0766763282661565	-0.00725653797806757	-0.019626762143377	-0.0292690266250399	0.00830485856608311	0.058703461622087	0.0875569486475297	0.0449773693257576	-0.0281181941771228	0.0434221420290372	0.131338080097232	0.00944347866478307	0.0416089987422436	0.117165265536295	0.0460775991250209	0.108918618784484	-0.260487069857205	0.0320605329348265	-0.0422403822474552	-0.0911096122778895	-0.00133486463677356	-0.080209448184831	0.0272955219806707
C3N_03073	-0.223824462190294	-0.279110811098753	-0.324398602369378	-0.0974088110996753	-0.278093162430175	0.0299398475936615	-0.0250791142487029	0.344014254823304	0.3408124361971	0.196772577491266	0.0902808613715869	0.0239100178933482	-0.0328410107402096	0.123951740446795	0.0816431708705179	-0.0685345254640488	-0.260234379786964	-0.209516060490318	-0.229280534820831	-0.159155801695382	-0.179298746506468	0.0801793894112453	-0.065773231624337	-0.254173627941849	-0.149319726234023	-0.0944828227358784	-0.0306692500597885
